z_volt	Amp	Phase	DC	Amp_direct	Phase_direct	X	Y
-1.722541	3.393965	0.136071	-2.121667	3.551840	1.058760	3.362594	0.460395
-1.727541	4.063536	-0.071462	-2.143589	4.016412	0.048697	4.053165	-0.290140
-1.732541	2.685585	-0.080633	-2.120377	4.020603	-0.485511	2.676859	-0.216311
-1.737541	3.334452	0.047592	-2.121989	3.523791	-0.556115	3.330677	0.158634
-1.742541	2.837219	0.125671	-2.086525	1.683561	1.114857	2.814844	0.355617
-1.747541	2.380284	-0.097532	-2.096197	2.559830	-0.005143	2.368972	-0.231786
-1.752541	4.163293	0.042375	-2.152939	4.178899	0.186037	4.159555	0.176366
-1.747541	4.230580	0.043302	-2.137142	4.231127	0.314673	4.226614	0.183136
-1.742541	4.201155	0.056822	-2.155518	3.955801	0.171852	4.194374	0.238588
-1.737541	4.461714	0.051329	-2.163578	4.268848	0.056435	4.455837	0.228916
-1.732541	4.655824	0.080971	-2.179375	3.652750	0.163470	4.640570	0.376573
-1.727541	4.488732	0.087308	-2.187113	4.626707	0.162180	4.471635	0.391403
-1.722541	4.509987	0.081084	-2.167769	3.942906	0.041927	4.495170	0.365289
-1.717541	4.765853	0.082762	-2.180665	4.489044	0.249549	4.749540	0.393982
-1.712541	4.386921	0.099452	-2.188402	4.032532	-0.104118	4.365244	0.435571
-1.707541	2.792837	0.184948	-2.202910	4.288836	0.521006	2.745207	0.513590
-1.702541	1.425121	0.349589	-2.212260	2.631079	-0.632845	1.338921	0.488121
-1.697541	0.899790	0.492662	-2.225478	1.206094	2.123307	0.792784	0.425577
-1.692541	0.726217	0.568677	-2.236117	0.816641	-3.030179	0.611921	0.391080
-1.687541	0.670068	0.600286	-2.251914	0.651253	6.061696	0.552923	0.378507
-1.682541	0.650144	0.609879	-2.262876	0.720568	-2.419238	0.532934	0.372382
-1.677541	0.645495	0.610036	-2.279963	0.684782	7.760092	0.529065	0.369802
-1.672541	0.642513	0.607772	-2.257718	0.698000	-0.944279	0.527453	0.366901
-1.667541	1.032260	0.361375	-2.234827	0.693487	1.258000	0.965588	0.364967
-1.662541	2.759373	0.136780	-2.222899	0.694454	0.136389	2.733601	0.376250
-1.657541	3.569156	0.113883	-2.207746	1.248005	-0.189875	3.546037	0.405588
-1.652541	3.938899	0.053641	-2.184211	3.452864	0.228594	3.933234	0.211184
-1.647541	4.330944	0.033657	-2.166157	3.597620	-0.006755	4.328491	0.145738
-1.642541	4.634331	0.049555	-2.175507	4.083148	0.206026	4.628642	0.229561
-1.637541	4.725597	0.055702	-2.191949	4.070897	-0.137002	4.718268	0.263090
-1.632541	4.497198	0.061407	-2.201621	4.313016	0.387857	4.488722	0.275986
-1.627541	2.808489	0.115746	-2.215806	4.133764	-0.402333	2.789697	0.324345
-1.622541	1.366442	0.249622	-2.221609	2.567890	0.810194	1.324091	0.337563
-1.617541	0.881183	0.429452	-2.238696	1.562018	-1.012627	0.801167	0.366901
-1.612541	0.724247	0.520424	-2.251592	0.501662	6.302204	0.628363	0.360131
-1.607541	0.673587	0.560129	-2.263843	0.806325	-1.220249	0.570654	0.357874
-1.602541	0.658362	0.574699	-2.268357	0.656089	-6.668767	0.552600	0.357874
-1.597541	0.776398	0.480928	-2.250625	0.708639	-0.264026	0.688328	0.359163
-1.592541	2.558582	0.147462	-2.233538	0.690908	-8.034141	2.530814	0.375928
-1.587541	3.585200	0.087432	-2.211937	1.845080	0.548087	3.571506	0.313061
-1.582541	3.704551	0.052244	-2.195495	2.726186	-0.161504	3.699497	0.193453
-1.577541	3.730364	0.011326	-2.175507	3.535075	0.028064	3.730124	0.042249
-1.572541	3.990305	0.001943	-2.173572	3.691115	0.017425	3.990298	0.007753
-1.567541	4.221106	0.017113	-2.182277	3.815559	0.135744	4.220488	0.072232
-1.562541	4.185748	0.053020	-2.196140	3.877459	-0.246616	4.179866	0.221823
-1.557541	4.346008	0.061316	-2.213549	3.694339	0.348202	4.337840	0.266314
-1.552541	2.323076	0.155229	-2.221932	4.036400	-0.325281	2.295144	0.359163
-1.547541	1.184148	0.299889	-2.235150	1.670020	0.843400	1.131299	0.349814
-1.542541	0.816382	0.436279	-2.246434	1.466589	-0.890761	0.739912	0.344978
-1.537541	0.698819	0.507824	-2.261909	0.439762	8.834975	0.610631	0.339820
-1.532541	0.661304	0.534575	-2.271258	0.779244	0.208283	0.569042	0.336918
-1.527541	0.800637	0.431236	-2.262231	0.664149	-9.295066	0.727338	0.334661
-1.522541	2.378448	0.112205	-2.240308	0.708639	1.685173	2.363491	0.266314
-1.517541	3.320315	0.079904	-2.223221	0.957206	-1.211544	3.309721	0.265024
-1.512541	3.561026	0.028527	-2.203877	3.060832	0.308547	3.559577	0.101570
-1.507541	3.510356	-0.015609	-2.178086	3.429652	-0.156668	3.509928	-0.054791
-1.502541	3.703047	-0.037354	-2.166157	3.621477	-0.113790	3.700464	-0.138292
-1.497541	3.782472	-0.030258	-2.172605	3.682410	-0.023842	3.780741	-0.114434
-1.492541	3.952931	-0.013372	-2.184211	3.648558	0.043539	3.952577	-0.052857
-1.487541	4.031278	-0.004235	-2.193883	3.737862	-0.201159	4.031242	-0.017071
-1.482541	4.080564	0.012487	-2.204200	3.357435	0.131553	4.080246	0.050954
-1.477541	3.911966	0.034047	-2.224188	4.053165	-0.277889	3.909699	0.133165
-1.472541	2.221598	0.081509	-2.229347	2.864816	0.136066	2.214223	0.180879
-1.467541	1.144881	0.235632	-2.243210	2.724251	-0.066075	1.113245	0.267281
-1.462541	0.808389	0.396366	-2.255461	0.265347	-1.584556	0.745715	0.312094
-1.457541	0.838792	0.395363	-2.267712	0.943020	0.764414	0.774085	0.323055
-1.452541	2.356334	0.131183	-2.247723	0.593222	-7.115293	2.336088	0.308225
-1.447541	3.152644	0.046960	-2.226445	1.629398	0.799555	3.149168	0.147995
-1.442541	3.448405	-0.039085	-2.201943	2.634625	-0.622206	3.445772	-0.134745
-1.437541	3.380915	-0.054949	-2.187113	3.310366	-0.073168	3.375812	-0.185684
-1.432541	3.466868	-0.103402	-2.165835	3.471563	-0.123784	3.448351	-0.357843
-1.427541	3.528247	-0.093517	-2.170671	3.536687	-0.333985	3.512830	-0.329472
-1.422541	3.693388	-0.084681	-2.184856	3.507349	-0.277566	3.680153	-0.312385
-1.417541	3.811836	-0.057371	-2.192916	3.460279	-0.223404	3.805565	-0.218568
-1.412541	3.933179	-0.063810	-2.203555	3.746567	-0.396207	3.925174	-0.250807
-1.407541	4.078152	-0.054096	-2.214194	3.329387	-0.299489	4.072186	-0.220502
-1.402541	4.112298	-0.034106	-2.222254	4.067350	-0.327860	4.109907	-0.140226
-1.397541	4.043741	-0.056153	-2.232571	3.279416	-0.554181	4.037367	-0.226950
-1.392541	2.673309	-0.055981	-2.238696	4.064771	-0.232431	2.669122	-0.149575
-1.387541	3.659335	-0.027928	-2.245789	2.002409	-1.132880	3.657908	-0.102183
-1.382541	4.283688	-0.091869	-2.216773	3.308754	-0.059627	4.265624	-0.392984
-1.377541	4.681382	-0.120670	-2.191626	4.079924	-0.520007	4.647341	-0.563530
-1.372541	5.464095	-0.154310	-2.163900	4.787583	-0.593836	5.399169	-0.839823
-1.367541	5.835178	-0.167861	-2.158742	5.461069	-0.292396	5.753161	-0.974906
-1.362541	5.869190	-0.151635	-2.160354	6.020751	-0.570946	5.801843	-0.886570
-1.357541	5.814819	-0.160305	-2.163900	5.786368	-0.342045	5.740265	-0.928159
-1.352541	5.747310	-0.176147	-2.160999	6.171633	-0.532903	5.658376	-1.007146
-1.347541	6.003073	-0.175546	-2.159387	5.808936	-0.390727	5.910814	-1.048412
-1.342541	6.117624	-0.177899	-2.155841	6.532396	-0.534515	6.021073	-1.082586
-1.337541	5.908831	-0.171173	-2.156485	5.885344	-0.440053	5.822477	-1.006501
-1.332541	5.700184	-0.180953	-2.158742	6.529172	-0.433605	5.607115	-1.025845
-1.327541	6.139043	-0.162193	-2.155841	5.705769	-0.542897	6.058472	-0.991349
-1.322541	6.197474	-0.173364	-2.150360	6.697787	-0.322701	6.104574	-1.069046
-1.317541	6.344992	-0.166975	-2.151972	6.330253	-0.589000	6.256746	-1.054538
-1.312541	6.346042	-0.175970	-2.150037	6.680055	-0.291107	6.248041	-1.110957
-1.307541	6.309472	-0.164297	-2.150360	6.550773	-0.569011	6.224506	-1.031970
-1.302541	6.283079	-0.164057	-2.151005	6.502091	-0.264348	6.198715	-1.026167
-1.297541	6.162365	-0.160037	-2.152939	6.560445	-0.570301	6.083619	-0.981999
-1.292541	6.210529	-0.160520	-2.153584	6.263839	-0.294008	6.130689	-0.992638
-1.287541	6.036364	-0.171423	-2.154229	6.609772	-0.545154	5.947889	-1.029714
-1.282541	6.334445	-0.169630	-2.148425	6.095870	-0.380733	6.243528	-1.069368
-1.277541	6.364687	-0.181368	-2.144234	7.048556	-0.525165	6.260293	-1.148033
-1.272541	6.413309	-0.183402	-2.142945	6.319291	-0.475194	6.305751	-1.169633
-1.267541	6.420036	-0.177389	-2.142622	7.163008	-0.449725	6.319291	-1.132880
-1.262541	6.450379	-0.174718	-2.142945	6.359913	-0.541930	6.352176	-1.121274
-1.257541	6.641194	-0.175513	-2.142622	7.197505	-0.350105	6.539167	-1.159639
-1.252541	6.401744	-0.183328	-2.143589	6.449862	-0.632201	6.294467	-1.167054
-1.247541	6.590142	-0.183749	-2.141333	6.987623	-0.238556	6.479201	-1.204129
-1.242541	6.545859	-0.164700	-2.142945	6.667159	-0.651867	6.457278	-1.073237
-1.237541	6.492126	-0.177416	-2.145201	6.828036	-0.314642	6.390219	-1.145776
-1.232541	6.567485	-0.173216	-2.147781	6.885100	-0.623173	6.469206	-1.131913
-1.227541	6.576919	-0.170875	-2.145846	6.705202	-0.244682	6.481135	-1.118372
-1.222541	6.535622	-0.156265	-2.149070	6.907990	-0.501631	6.455988	-1.017140
-1.217541	6.513942	-0.178425	-2.147781	6.585270	-0.378153	6.410530	-1.156092
-1.212541	6.629256	-0.162363	-2.150360	7.098851	-0.510658	6.542068	-1.071625
-1.207541	6.487500	-0.170783	-2.148748	6.632985	-0.452949	6.393120	-1.102575
-1.202541	6.558340	-0.170067	-2.149715	7.060163	-0.453594	6.463726	-1.109990
-1.197541	6.582009	-0.166072	-2.150682	6.535620	-0.486478	6.491452	-1.088067
-1.192541	6.612544	-0.166781	-2.153261	7.056616	-0.358487	6.520790	-1.097739
-1.187541	6.635315	-0.168716	-2.153906	6.698431	-0.530324	6.541101	-1.114181
-1.182541	6.640455	-0.172920	-2.154551	6.975049	-0.407491	6.541424	-1.142552
-1.177541	6.592593	-0.159856	-2.155196	6.753239	-0.561918	6.508539	-1.049380
-1.172541	6.562867	-0.151287	-2.155196	6.785801	-0.330761	6.487905	-0.989092
-1.167541	6.660150	-0.167541	-2.152294	6.788381	-0.575137	6.566893	-1.110635
-1.162541	6.616478	-0.162630	-2.155196	6.628149	-0.358810	6.529172	-1.071303
-1.157541	6.615570	-0.156877	-2.156485	6.932170	-0.522909	6.534331	-1.033582
-1.152541	6.608380	-0.149842	-2.156808	6.533686	-0.390404	6.534331	-0.986513
-1.147541	6.804685	-0.160589	-2.152294	6.928302	-0.464233	6.717131	-1.088067
-1.142541	6.400267	-0.163936	-2.149715	6.677798	-0.439086	6.314455	-1.044544
-1.137541	6.553957	-0.188179	-2.147136	7.096916	-0.442310	6.438256	-1.226052
-1.132541	6.723068	-0.152311	-2.155196	6.654908	-0.457785	6.645236	-1.020042
-1.127541	6.305341	-0.185279	-2.146169	6.950870	-0.461654	6.197425	-1.161573
-1.122541	6.829525	-0.165262	-2.152617	6.829325	-0.401043	6.736474	-1.123531
-1.117541	6.416675	-0.155473	-2.152617	6.718098	-0.519685	6.339280	-0.993605
-1.112541	6.641598	-0.176685	-2.147458	6.794829	-0.420387	6.538200	-1.167376
-1.107541	6.851553	-0.135552	-2.156163	6.758075	-0.447468	6.788703	-0.925902
-1.102541	6.522515	-0.156532	-2.151649	6.815785	-0.455206	6.442770	-1.016818
-1.097541	6.832001	-0.156596	-2.154873	6.754206	-0.460042	6.748403	-1.065499
-1.092541	6.565102	-0.146269	-2.156485	6.814173	-0.493248	6.494998	-0.956852
-1.087541	6.633230	-0.162413	-2.152294	6.793217	-0.487768	6.545937	-1.072592
-1.082541	6.791136	-0.152838	-2.157130	6.852860	-0.480353	6.711972	-1.033905
-1.077541	6.559650	-0.152306	-2.155196	6.674252	-0.474872	6.483714	-0.995217
-1.072541	6.641145	-0.161578	-2.154551	6.964733	-0.451659	6.554642	-1.068401
-1.067541	6.766290	-0.161315	-2.156808	6.753562	-0.495505	6.678443	-1.086777
-1.062541	6.612548	-0.173409	-2.154551	6.879297	-0.474872	6.513375	-1.140940
-1.057541	6.826688	-0.156815	-2.154873	6.818364	-0.496472	6.742922	-1.066144
-1.052541	6.772311	-0.142581	-2.156808	6.898319	-0.380410	6.703590	-0.962333
-1.047541	6.528215	-0.166501	-2.152617	6.788381	-0.540640	6.437934	-1.081942
-1.042541	6.743150	-0.162843	-2.153906	6.804501	-0.419098	6.653941	-1.093225
-1.037541	6.645097	-0.152296	-2.159387	6.825456	-0.470681	6.568183	-1.008113
-1.032541	6.692435	-0.158865	-2.157130	6.736474	-0.435540	6.608160	-1.058729
-1.027541	6.616973	-0.158521	-2.155196	6.812883	-0.511625	6.534008	-1.044544
-1.022541	6.618299	-0.170439	-2.155518	6.632662	-0.408781	6.522402	-1.122563
-1.017541	6.725912	-0.163798	-2.155196	6.837063	-0.511625	6.635886	-1.096772
-1.012541	6.633450	-0.162013	-2.158420	6.705202	-0.467134	6.546582	-1.070013
-1.007541	6.748904	-0.153318	-2.156485	6.892515	-0.471325	6.669738	-1.030681
-1.002541	6.684310	-0.163409	-2.154873	6.723901	-0.494216	6.595264	-1.087422
-0.997541	6.761531	-0.146520	-2.156163	6.966022	-0.410393	6.689082	-0.987157
-0.992541	6.756172	-0.142731	-2.157453	6.766135	-0.486156	6.687470	-0.961043
-0.987541	6.688559	-0.153639	-2.157453	6.942810	-0.393628	6.609772	-1.023588
-0.982541	6.663638	-0.154463	-2.156163	6.811916	-0.499696	6.584302	-1.025200
-0.977541	6.779208	-0.149501	-2.157775	6.873816	-0.381700	6.703590	-1.009725
-0.972541	6.766838	-0.148234	-2.157775	6.763556	-0.476484	6.692628	-0.999408
-0.967541	6.739035	-0.149431	-2.158097	6.785479	-0.382989	6.663935	-1.003277
-0.962541	6.705321	-0.152814	-2.158097	6.823844	-0.471003	6.627181	-1.020686
-0.957541	6.688702	-0.155343	-2.157453	6.691339	-0.413617	6.608160	-1.034872
-0.952541	6.680162	-0.159600	-2.158742	6.940875	-0.523231	6.595264	-1.061631
-0.947541	6.734985	-0.148650	-2.159064	6.565603	-0.442632	6.660711	-0.997474
-0.942541	6.651438	-0.156221	-2.159387	6.911214	-0.488090	6.570439	-1.034872
-0.937541	6.795426	-0.152884	-2.157775	6.765490	-0.455206	6.716163	-1.034872
-0.932541	6.771629	-0.138124	-2.160354	6.920564	-0.431349	6.707136	-0.932350
-0.927541	6.761869	-0.141887	-2.159709	6.706814	-0.468102	6.693918	-0.956207
-0.922541	6.631720	-0.147738	-2.159387	6.906378	-0.404912	6.559478	-0.976196
-0.917541	6.858179	-0.139787	-2.160032	6.810304	-0.483254	6.791282	-0.955563
-0.912541	6.780752	-0.145861	-2.162611	6.938941	-0.431026	6.708748	-0.985545
-0.907541	6.717668	-0.154960	-2.159709	6.847057	-0.493571	6.637176	-1.036806
-0.902541	6.761240	-0.155739	-2.159709	6.839964	-0.482609	6.679410	-1.048735
-0.897541	6.645303	-0.154402	-2.160032	6.792249	-0.466490	6.566248	-1.021976
-0.892541	6.777829	-0.153525	-2.160032	6.742922	-0.431026	6.698109	-1.036484
-0.887541	6.806381	-0.143776	-2.160999	6.804501	-0.482609	6.736152	-0.975229
-0.882541	6.651789	-0.152141	-2.160676	6.757108	-0.462943	6.574953	-1.008113
-0.877541	6.737588	-0.147673	-2.160676	6.789025	-0.472293	6.664257	-0.991349
-0.872541	6.760032	-0.147951	-2.162288	6.739054	-0.476161	6.686180	-0.996507
-0.867541	6.707016	-0.156619	-2.160999	6.985689	-0.452627	6.624925	-1.046156
-0.862541	6.762669	-0.150544	-2.160999	6.691339	-0.512914	6.686180	-1.014239
-0.857541	6.798212	-0.143088	-2.162288	6.886067	-0.422644	6.728737	-0.969426
-0.852541	6.930090	-0.159119	-2.161966	6.858019	-0.483576	6.842544	-1.098061
-0.847541	6.737790	-0.156091	-2.163256	6.916373	-0.434572	6.655875	-1.047445
-0.842541	6.834747	-0.148658	-2.161321	6.779031	-0.440053	6.759365	-1.012304
-0.837541	6.787512	-0.153737	-2.162611	6.834161	-0.452304	6.707459	-1.039385
-0.832541	6.792106	-0.159543	-2.162288	6.830292	-0.465522	6.705847	-1.079040
-0.827541	6.828421	-0.149800	-2.162933	6.826424	-0.488412	6.751950	-1.019075
-0.822541	6.870752	-0.156513	-2.162933	6.822555	-0.491636	6.786769	-1.070980
-0.817541	6.770875	-0.156817	-2.163900	6.798053	-0.476161	6.687792	-1.057440
-0.812541	6.848242	-0.146222	-2.163900	6.864144	-0.508079	6.775162	-0.997796
-0.807541	6.776966	-0.155182	-2.162611	6.926045	-0.480675	6.695530	-1.047445
-0.802541	6.782083	-0.147514	-2.163578	6.829970	-0.487445	6.708426	-0.996829
-0.797541	6.780966	-0.153405	-2.164223	6.852860	-0.460686	6.701333	-1.036161
-0.792541	6.841508	-0.153277	-2.163900	6.829970	-0.484221	6.761299	-1.044544
-0.787541	6.739671	-0.159971	-2.164545	6.829970	-0.446823	6.653618	-1.073559
-0.782541	6.748549	-0.146900	-2.160354	6.842221	-0.447791	6.675864	-0.987802
-0.777541	6.753959	-0.151271	-2.160032	6.790315	-0.453271	6.676831	-1.017785
-0.772541	6.749378	-0.150939	-2.160032	6.749370	-0.435540	6.672640	-1.014883
-0.767541	6.780977	-0.148356	-2.161321	6.791927	-0.441665	6.706491	-1.002310
-0.762541	6.695603	-0.144761	-2.161966	6.730027	-0.431026	6.625569	-0.965879
-0.757541	6.810314	-0.155853	-2.161966	6.850926	-0.500341	6.727770	-1.057117
