z_volt	Amp	Phase	DC	Amp_direct	Phase_direct	X	Y
2.122340	0.679101	0.183784	-2.900575	0.694131	-0.218246	-0.667664	-0.124106
2.117340	0.679734	0.183610	-2.866079	0.694454	-7.124965	-0.668309	-0.124106
2.112340	0.679617	0.182678	-2.857697	0.694776	1.750619	-0.668309	-0.123461
2.107340	0.679528	0.179326	-2.841899	0.694131	-7.879387	-0.668631	-0.121205
2.102340	0.678233	0.176774	-2.821588	0.694454	3.313267	-0.667664	-0.119270
2.097340	0.678008	0.174901	-2.808370	0.695099	-6.311547	-0.667664	-0.117981
2.092340	2.444440	0.036931	-2.062668	2.138460	-9.882168	-2.442773	-0.090255
2.097340	2.028769	-0.039269	-2.072985	2.412818	9.835068	-2.027205	0.079647
2.102340	2.039957	0.067843	-2.064925	2.214545	-9.750949	-2.035265	-0.138292
2.107340	2.400184	0.073129	-2.043969	1.960175	-9.226071	-2.393769	-0.175367
2.112340	2.384470	0.070088	-2.046226	1.921166	-9.439181	-2.378616	-0.166985
2.117340	2.571437	0.103992	-2.030751	2.066243	-8.840474	-2.557546	-0.266927
2.122340	1.938899	0.032089	-2.020757	2.255489	3.810079	-1.937901	-0.062206
2.127340	1.123270	-0.080177	-2.000446	1.537194	-8.141501	-1.119662	0.089964
2.132340	0.836542	-0.271176	-1.981424	1.250585	9.441091	-0.805971	0.224080
2.137340	0.759852	-0.395503	-1.965627	0.535513	-1.868908	-0.701193	0.292750
2.142340	0.736904	-0.443131	-1.943059	0.763769	9.438834	-0.665730	0.315963
2.147340	0.730263	-0.461702	-1.936289	0.671564	0.603539	-0.653801	0.325312
2.152340	0.726962	-0.470420	-1.914689	0.703159	-8.950736	-0.647998	0.329503
2.157340	0.725545	-0.474408	-1.896312	0.692842	1.773509	-0.645419	0.331437
2.162340	0.726155	-0.477973	-1.903405	0.695743	-7.115616	-0.644774	0.334017
2.167340	0.725010	-0.478791	-1.918557	0.693809	2.768419	-0.643484	0.334017
2.172340	0.724747	-0.480985	-1.936612	0.694454	-5.785390	-0.642517	0.335306
2.177340	0.724760	-0.481979	-1.945639	0.694776	5.026156	-0.642195	0.335951
2.182340	0.741097	-0.471458	-1.956600	0.695421	-4.747266	-0.660249	0.336596
2.187340	0.982747	-0.339822	-1.976589	0.694131	6.504025	-0.926547	0.327569
2.192340	1.520152	-0.206558	-1.993353	0.581938	-3.518609	-1.487837	0.311771
2.197340	2.040114	-0.064211	-2.003992	1.254776	9.110951	-2.035909	0.130908
2.202340	2.051869	0.012562	-2.016888	1.259612	-9.043911	-2.051707	-0.025776
2.207340	1.820376	0.066454	-2.028494	2.075915	-9.746757	-1.816358	-0.120882
2.212340	1.862835	0.161471	-2.045904	1.891828	-9.562663	-1.838603	-0.299489
2.217340	2.198160	0.149711	-2.037521	2.189076	-9.268951	-2.173572	-0.327860
2.222340	2.422541	0.046855	-2.016243	1.344724	-9.347618	-2.419883	-0.113467
2.227340	1.780055	-0.011963	-1.998834	2.306105	-8.985556	-1.779927	0.021294
2.232340	1.082586	-0.124519	-1.983359	1.191264	8.931051	-1.074204	0.134454
2.237340	0.820894	-0.299418	-1.964338	1.207384	-7.832961	-0.784371	0.242134
2.242340	0.752324	-0.419775	-1.950475	0.674143	5.835050	-0.687008	0.306613
2.247340	0.734162	-0.468389	-1.924360	0.704771	-4.871067	-0.655091	0.331437
2.252340	0.729143	-0.485825	-1.918235	0.697678	6.112312	-0.644774	0.340465
2.257340	0.727285	-0.494211	-1.901470	0.692842	-2.877685	-0.640260	0.344978
2.262340	0.728691	-0.498705	-1.906629	0.695743	7.419960	-0.639938	0.348524
2.267340	0.728642	-0.502271	-1.928229	0.694776	-1.536196	-0.638648	0.350781
2.272340	0.745583	-0.493267	-1.940480	0.695421	9.482036	-0.656703	0.353038
2.277340	0.796913	-0.453542	-1.954021	0.695099	-0.522586	-0.716346	0.349169
2.282340	1.147553	-0.302399	-1.958857	0.701869	-7.388690	-1.095482	0.341754
2.287340	1.643522	-0.160967	-1.976911	0.491990	2.631402	-1.622276	0.263412
2.292340	1.816605	-0.049010	-1.988517	1.469168	-9.094852	-1.814424	0.088997
2.297340	1.841705	0.048149	-2.012052	1.420164	7.104976	-1.839570	-0.088643
2.302340	1.857747	0.115479	-2.022369	1.778990	-9.201568	-1.845374	-0.214054
2.307340	1.591106	0.142920	-2.031073	1.791885	-9.557827	-1.574884	-0.226628
2.312340	1.883026	0.187886	-2.050740	1.943088	-9.879589	-1.849887	-0.351717
2.317340	2.076395	0.116394	-2.035909	1.896341	-9.489154	-2.062346	-0.241136
2.322340	1.959875	0.032239	-2.031396	1.876675	-9.573947	-1.958857	-0.063174
2.327340	1.944790	0.095290	-2.005604	1.883445	-9.655194	-1.935967	-0.185039
2.332340	2.011660	0.083587	-1.993676	1.451759	-8.698615	-2.004637	-0.167952
2.337340	1.462742	-0.030872	-1.980135	2.042064	-7.945802	-1.462045	0.045151
2.342340	0.915008	-0.168528	-1.962403	0.428156	-8.183091	-0.902045	0.153476
2.347340	0.776502	-0.389707	-1.942415	1.100671	-8.997163	-0.718280	0.295007
2.352340	0.739598	-0.480832	-1.920169	0.573233	1.566854	-0.655735	0.342077
2.357340	0.729395	-0.512322	-1.913721	0.737332	-7.980944	-0.635747	0.357551
2.362340	0.724583	-0.522211	-1.924360	0.683170	2.753912	-0.628009	0.361420
2.367340	0.748174	-0.508592	-1.937256	0.697678	-6.218696	-0.653479	0.364322
2.372340	1.246529	-0.299846	-1.950475	0.692842	3.760107	-1.190911	0.368190
2.377340	1.678224	-0.165980	-1.961758	0.739267	-6.059753	-1.655160	0.277275
2.382340	1.679462	-0.148559	-1.983359	1.383089	8.722135	-1.660963	0.248582
2.387340	1.720726	0.011795	-1.999479	1.385346	-8.758905	-1.720607	-0.020295
2.392340	1.655757	0.094371	-2.011730	1.714833	-9.879912	-1.648390	-0.156023
2.397340	1.390288	0.159040	-2.029139	1.674856	-9.315700	-1.372742	-0.220180
2.402340	1.469113	0.267380	-2.043647	1.581684	-9.287005	-1.416910	-0.388148
2.407340	1.588111	0.275699	-2.054931	2.078817	-9.613926	-1.528137	-0.432316
2.412340	1.477622	0.208555	-2.037521	1.506244	-9.517526	-1.445603	-0.305937
2.417340	1.701818	0.179405	-2.024303	1.647775	-9.356645	-1.674504	-0.303680
2.422340	1.939738	0.078855	-2.007861	1.696134	-9.357290	-1.933710	-0.152799
2.427340	2.232786	0.021942	-1.989484	1.215444	-9.879912	-2.232248	-0.048988
2.432340	1.408165	-0.104602	-1.968206	2.031425	-8.785665	-1.400468	0.147028
2.437340	0.919668	-0.301484	-1.949507	0.915617	8.116988	-0.878188	0.273084
2.442340	0.786780	-0.464407	-1.938223	0.890147	-6.872202	-0.703450	0.352393
2.447340	0.748498	-0.530180	-1.915656	0.720245	6.389896	-0.645741	0.378507
2.452340	0.734629	-0.557233	-1.910820	0.685427	-3.719140	-0.623496	0.388501
2.457340	0.730888	-0.565642	-1.919525	0.701224	7.006644	-0.617048	0.391725
2.462340	0.828841	-0.494467	-1.936934	0.691875	-1.791211	-0.729564	0.393337
2.467340	1.472149	-0.134662	-1.949507	0.729595	4.627997	-1.458822	0.197644
2.472340	1.764600	-0.120150	-1.966272	0.250194	-4.568658	-1.751879	0.211507
2.477340	1.721388	-0.068235	-1.980457	1.601672	-9.528488	-1.717383	0.117367
2.482340	1.510674	0.034783	-1.993031	1.186428	-9.584264	-1.509760	-0.052535
2.487340	1.590975	0.181332	-2.016566	1.647130	-9.551056	-1.564890	-0.286916
2.492340	1.402606	0.197567	-2.027849	1.780924	-9.291197	-1.375321	-0.275309
2.497340	1.352588	0.265031	-2.043647	1.460786	9.436578	-1.305361	-0.354296
2.502340	1.652234	0.257466	-2.052352	1.984355	-8.763096	-1.597774	-0.420709
2.507340	1.642674	0.160236	-2.034297	1.634557	2.044643	-1.621631	-0.262091
2.512340	1.864695	0.116091	-2.020757	1.766416	-9.415001	-1.852144	-0.215989
2.517340	1.755691	0.025886	-2.001091	1.651644	-9.491089	-1.755103	-0.045442
2.522340	2.152526	0.037595	-1.990129	1.796076	9.563927	-2.151005	-0.080905
2.527340	1.787838	-0.081788	-1.966917	1.295720	-8.638326	-1.781862	0.146061
2.532340	1.074661	-0.213122	-1.954666	1.959531	9.800893	-1.050347	0.227304
2.537340	0.823275	-0.404094	-1.934677	0.364644	-4.994868	-0.756967	0.323700
2.542340	0.758331	-0.521125	-1.919202	0.897563	-8.073796	-0.657670	0.377540
2.547340	0.739913	-0.566157	-1.904694	0.630942	0.894661	-0.624463	0.396884
2.552340	0.830029	-0.509199	-1.920169	0.717989	-8.329140	-0.724728	0.404621
2.557340	1.196179	-0.318273	-1.941770	0.689940	2.569824	-1.136104	0.374316
2.562340	1.491481	-0.285528	-1.947573	0.881765	-8.003835	-1.431096	0.420096
2.567340	1.745640	-0.095452	-1.963048	0.829537	7.958045	-1.737693	0.166371
2.572340	1.756964	-0.041858	-1.977878	1.488834	-8.795982	-1.755425	0.073522
2.577340	1.474183	0.016830	-1.992386	1.542352	-8.391364	-1.473974	-0.024809
2.582340	1.596289	0.161455	-2.008828	1.607476	-9.510755	-1.575529	-0.256611
2.587340	1.176058	0.176900	-2.020112	1.491736	-9.351487	-1.157704	-0.206962
2.592340	1.143256	0.403070	-2.042035	1.776088	9.910833	-1.051636	-0.448435
2.597340	1.373578	0.370824	-2.057187	1.310550	-9.176420	-1.280215	-0.497762
2.602340	1.502848	0.268126	-2.041390	1.938575	-9.685500	-1.449150	-0.398142
2.607340	1.600866	0.171199	-2.025915	1.520751	-9.578461	-1.577463	-0.272730
2.612340	1.684459	0.095642	-2.008828	1.613601	-9.563308	-1.676761	-0.160859
2.617340	1.956326	0.041203	-1.989807	1.864747	-9.616182	-1.954666	-0.080583
2.622340	1.982199	-0.079462	-1.975944	1.260901	9.011652	-1.975944	0.157344
2.627340	1.635839	-0.143385	-1.959179	1.900210	-9.115163	-1.619052	0.233752
2.632340	1.033555	-0.442602	-1.941125	0.952047	8.087650	-0.933962	0.442664
2.637340	0.825592	-0.543392	-1.921459	0.904978	-7.359674	-0.706674	0.426866
2.642340	0.757621	-0.589802	-1.909208	0.726049	5.941119	-0.629621	0.421386
2.647340	0.821723	-0.537081	-1.920169	0.688328	-4.691814	-0.706029	0.420418
2.652340	1.190500	-0.301641	-1.932098	0.687039	7.172357	-1.136749	0.353683
2.657340	1.555697	-0.161106	-1.950152	0.470390	-5.293409	-1.535552	0.249549
2.662340	1.589017	-0.082680	-1.964982	1.522041	9.495255	-1.583589	0.131230
2.667340	1.586520	-0.006106	-1.985938	1.116146	-9.517204	-1.586490	0.009688
2.672340	1.426105	0.045218	-1.994643	1.559439	-9.801889	-1.424648	-0.064463
2.677340	1.255011	0.123866	-2.008183	1.518817	-9.689691	-1.245396	-0.155056
2.682340	1.061789	0.275829	-2.023014	1.285726	5.069680	-1.021654	-0.289172
2.687340	0.837148	0.599426	-2.043969	1.945990	-9.475936	-0.691199	-0.472293
2.692340	1.086270	0.472667	-2.061056	1.199002	9.321480	-0.967169	-0.494538
2.697340	1.375509	0.308624	-2.041068	1.601350	-8.789856	-1.310520	-0.417808
2.702340	1.463682	0.096393	-2.023014	1.309905	-9.946327	-1.456887	-0.140871
2.707340	1.571842	0.043281	-2.002703	1.418875	-9.345361	-1.570370	-0.068010
2.712340	1.733980	-0.013396	-1.987228	1.438541	-9.600062	-1.733825	0.023228
2.717340	1.863724	-0.071859	-1.969496	1.552668	9.773489	-1.858914	0.133810
2.722340	1.607243	-0.178681	-1.958534	1.110343	-8.475189	-1.581654	0.285657
2.727340	1.025377	-0.435261	-1.940480	1.552024	9.076777	-0.929771	0.432347
2.732340	0.823824	-0.560782	-1.919202	0.336596	-3.542789	-0.697647	0.438150
2.737340	0.770169	-0.615898	-1.910820	0.844690	-4.984874	-0.628654	0.444920
2.742340	1.030768	-0.444923	-1.918880	0.639647	-0.235655	-0.930416	0.443631
2.747340	1.449828	-0.324085	-1.939513	0.850493	-7.645322	-1.374354	0.461685
2.752340	1.588037	-0.180246	-1.951764	0.610954	8.285604	-1.562310	0.284690
2.757340	1.503770	-0.083936	-1.969496	1.643261	-9.401782	-1.498476	0.126072
2.762340	1.420351	-0.017490	-1.986260	1.297332	-7.662410	-1.420134	0.024840
2.767340	1.224422	0.079325	-1.998511	1.413394	-2.143267	-1.220571	-0.097025
2.772340	1.084170	0.205724	-2.018822	1.529778	-9.395656	-1.061308	-0.221469
2.777340	0.719582	0.538645	-2.033008	1.608120	9.157055	-0.617693	-0.369126
2.782340	0.963029	0.524912	-2.056220	1.389859	-8.156654	-0.833375	-0.482609
2.787340	1.190481	0.388847	-2.040423	1.598449	9.410463	-1.101608	-0.451337
2.792340	1.434625	0.180066	-2.026237	1.187073	-9.259923	-1.411429	-0.256933
2.797340	1.511337	0.040745	-2.007861	1.527199	-10.002104	-1.510082	-0.061562
2.802340	1.581926	-0.018557	-1.989162	1.367614	-9.823168	-1.581654	0.029354
2.807340	1.661736	-0.053582	-1.977878	1.232853	0.834696	-1.659351	0.088997
2.812340	1.891678	-0.070624	-1.966272	1.832507	-9.228650	-1.886963	0.133487
2.817340	1.669904	-0.208084	-1.952731	0.960752	6.411497	-1.633882	0.344978
2.822340	1.151334	-0.438743	-1.933710	1.624885	-9.174163	-1.042287	0.489088
2.827340	1.286238	-0.390064	-1.925972	0.641904	6.054925	-1.189622	0.489088
2.832340	1.461749	-0.211553	-1.941447	0.955271	-8.238867	-1.429161	0.306935
2.837340	1.483737	-0.134042	-1.963370	1.084229	8.869472	-1.470428	0.198288
2.842340	1.352843	-0.100748	-1.988840	1.311840	-9.247994	-1.345983	0.136066
2.847340	1.372726	0.021127	-1.999801	1.304425	-3.584701	-1.372420	-0.029000
2.852340	1.052294	0.070202	-2.020434	1.656157	9.347595	-1.049702	-0.073813
2.857340	1.002578	0.328045	-2.041068	1.154833	-9.121289	-0.949115	-0.323024
2.862340	1.230127	0.302845	-2.046548	1.955017	9.398857	-1.174147	-0.366870
2.867340	1.392868	0.133475	-2.036554	1.174500	-9.837031	-1.380479	-0.185361
2.872340	1.551901	0.066725	-2.021402	1.975006	9.860538	-1.548447	-0.103473
2.877340	1.707219	0.013399	-2.013019	1.385346	9.623249	-1.707066	-0.022874
2.882340	1.834135	-0.027433	-2.006249	1.978552	9.962095	-1.833445	0.050309
2.887340	2.070063	-0.043006	-2.005604	1.865714	9.641626	-2.068149	0.088997
2.892340	2.130382	-0.147791	-1.991419	1.918909	9.581337	-2.107159	0.313706
2.897340	2.233388	-0.142823	-1.987872	2.053025	9.887942	-2.210648	0.317897
2.902340	2.273897	-0.153735	-1.980780	2.087199	9.482036	-2.247079	0.348202
2.907340	2.265237	-0.109816	-1.997544	2.274510	9.660003	-2.251592	0.248260
2.912340	2.004819	-0.042313	-2.022691	2.406370	9.876980	-2.003025	0.084806
2.917340	1.545680	0.059261	-2.047516	2.923491	9.156410	-1.542967	-0.091544
2.922340	1.534850	0.138858	-2.057187	1.913428	-9.645844	-1.520077	-0.212442
2.927340	1.631588	0.134763	-2.052674	2.689433	9.359846	-1.616795	-0.219213
2.932340	1.872391	0.104698	-2.053964	1.486255	-5.592918	-1.862138	-0.195678
2.937340	2.396251	0.067045	-2.053319	3.040198	9.675156	-2.390867	-0.160537
2.942340	2.548812	0.015173	-2.048160	2.336410	9.336310	-2.548519	-0.038672
2.947340	2.750532	-0.036232	-2.044936	3.369042	9.757369	-2.748727	0.099636
2.952340	1.790421	-0.055498	-2.040423	2.736502	9.257967	-1.787665	0.099313
2.957340	1.459360	0.104451	-2.059767	2.961856	-2.460505	-1.451406	-0.152155
2.962340	1.187075	0.147724	-2.062346	2.049479	8.598978	-1.174147	-0.174722
2.967340	1.937087	0.095670	-2.063635	2.012081	-9.444985	-1.928229	-0.185039
2.972340	2.149901	0.021738	-2.052352	2.329317	8.670873	-2.149393	-0.046732
2.977340	2.283838	0.071341	-2.057832	2.695881	-9.620374	-2.278029	-0.162794
2.982340	1.819439	0.048207	-2.062346	3.339059	9.173820	-1.817325	-0.087676
2.987340	1.923792	0.100712	-2.062668	2.220348	-9.551701	-1.914044	-0.193421
2.992340	2.455517	0.055034	-2.062991	3.048258	9.456889	-2.451800	-0.135068
2.997340	2.587763	0.013449	-2.054286	2.364781	4.229193	-2.587529	-0.034803
3.002340	2.852226	-0.002718	-2.056543	3.786866	9.487840	-2.852216	0.007753
3.007340	2.855216	-0.017169	-2.057832	2.897377	9.423037	-2.854795	0.049020
3.012340	3.054014	0.014035	-2.056220	3.780096	9.864729	-3.053713	-0.042863
3.017340	3.170818	-0.043332	-2.055575	3.071148	9.254098	-3.167842	0.137356
3.022340	3.384528	-0.004577	-2.050740	3.870044	-7.499919	-3.384492	0.015491
3.027340	3.251039	-0.039980	-2.045581	3.516054	9.327283	-3.248441	0.129941
3.032340	3.204123	-0.050235	-2.058799	3.839094	-9.213174	-3.200081	0.160891
3.037340	3.426903	-0.010165	-2.053964	3.886809	9.173820	-3.426726	0.034834
3.042340	3.376055	-0.067475	-2.050417	3.736895	9.953068	-3.368372	0.227626
3.047340	3.448707	-0.041429	-2.050417	4.011576	9.345660	-3.445748	0.142837
3.052340	3.493486	-0.056143	-2.044292	3.507349	9.833456	-3.487982	0.196032
3.057340	3.442533	-0.041129	-2.046548	4.170839	9.476556	-3.439622	0.141547
3.062340	3.371094	-0.054352	-2.044614	3.444482	9.730932	-3.366116	0.183136
3.067340	3.390861	-0.018261	-2.049772	4.177287	9.647752	-3.390295	0.061915
3.072340	3.593753	-0.050263	-2.046226	3.245887	9.549096	-3.589214	0.180557
3.077340	3.391496	-0.081275	-2.040100	4.082503	9.790576	-3.380301	0.275341
3.082340	3.261041	-0.014637	-2.049450	3.420947	9.528785	-3.260692	0.047730
3.087340	3.335882	-0.015372	-2.058799	4.134731	-9.133540	-3.335488	0.051276
